3455
1148 4782
2435
1839
3188 119 2423
243 4842
1040 2015 2057
2810 1199
1390
3189 3858
2932 257
987 4872
3123 3572 605
2832 575
439
591
3732
4071 424
3205 1348
4293 756
3096 4109
69 890
3180
3541
1365 3641 4093 3575
609 3630
4873 3925 3983 1443 3831 478
242
4688
4411 3932
985 2423
1613 1302 1006 2866 2967
3849 3180 4738 4270 2454 2135 3479
4165 254 2548 2480
216 3653 2934 4116 4854 2931
4576
883 4089 808
2005 1034
2675 4278 4412
4730 1678 2538
3560 857
805
4215 3869 4512 4419 3986
1547
4627
2095 1328
4032
4926 2744 2581
3567
2478
591 3920 222 2444 2658 2745
903 3089 3749 3657
4772 1356
4201 4033
351
882 4676
2494
3038
4643 1974 652
2526 4290
3336 681
852 158 2293 4829 3929
4356 2712 1672 2439
1691 2238 2549 1816
2951
2912
2529 2876 200 4139
2605 2219
3824
4815 1478 1630 626
4513 4978
2424
4527
4828 4121 3458
2455 3706 1420 2456 3067
4788 4317 67
2421 925
3712 3235
404 885 4247
3141 2017
4629 2878 3143
921 3503 4639 2463 1610
1966
2916
4627
3538
343 693
849
4926 1642 863 3537 3233
1482 2468
64 4232
4871
3333 2387 2811
2950
3561 2310
668 3414
2329
3586 3465
3394 4397 4427
3088 3803 4055 691 507
1581 4539
2011 4467 3647 3280 2146
1051
2581 1075 2610
351
3254
1208
2993
475
321
3355 2221
4869 3672 2011
502 4848 3259 2086 182 1576 1002
3013 3680
811 1245 329
3151 4444
3642 271 551 3341 522
3984
720 3354
3984 2663 1320
2242 894
4239 4962
958 1499 1829
4915
393 3704 3664 3041 3585 2535 2942 1909
4814 266 2773 3014
2690 875 1442
373 1644 1720 353 1317 2877
974 1436 1527 4779
2629 1114 294 304
2871
665
2146 2430 191
3572
205 728
2104 2668
3923 1632 2353 2902
2776 2485 1118 3158 4911
1029 4745 675
4470 230 746
1551 220
3855 1705
1221 2463 2998 4325
1897 310 1790 769
2880 3044 2504
4027 2113 4888 656
641
1871 1252
1661
2269 3271 2668
558
2445 1506 4915 4368 4369 187
185 1429 2214 1878
892 1185 2199
1835 2250 4586
357 3798
4943
329 2636 4827 4226 1278
1040
3724 4255 871 4773
1693 4381
4654 891 2698
4059 1891 4387
2295
690
4804
2421 3743
2268 1897 923
2544 2981 398 3826
4532 411 2542 4679
857
1847 1287
3976
583
4606 1387 4231 4633 791 4079
4876 2608 4641 3720
2548 817 2377 3771
4825 2913 2806
4836 1761 3557 610
1026 3708 959
4631 2665 94
1986
2291
2667
4557 4208
4976 3331
4816 512 4259 2981
4481
4333 1781
536
4349 4933
1359
633
2912 710 2744 3147
164 4011
4168 3896 4380 38
1588
654 1472
4768
4790 1096 3959 4206 3533 2154 4827
4492 2742
4378
4207 3963
672 1785 1119 2242 3644
1037 3810
3563
987
2555
2873 4039 3105 2695
4630 2775 1374 4016 2871
3844 147 2002 3040 2738
2199
1044
921 509 1121
812 3067 1373 3259
3159 553
2633
3637 4996 824
3553 777 2519 4782
395 687
3270
1340 3676
2018
4279 2176 4170
4331 4683 4133 2905 1156 1278 1182
3074
4147 3119
3598 970 2106 1045 625
2269 1667 1936 1695
1221 71 54
901 2086
3596 2612 183 3795
357 303 2698 2261 3838
4458
1052 4886 1419 4709
4403 1860
2266 1394 3520 33
2286 1897 2794
2527 1159 2581 2564 2210 1546 392
979 3002
331 3231
3201 896
1399 4973
2546
1970
4785 4082
4936 4199 3220 1940 2612
4440 3796 1305
3246 3950 4248 2510 1180
3121 3326 1943
382 1180
525 4862 2197
4891 2438
1514
2253
2148
2132 2319
498 1152 3060
1160 623
3286
677 2770 3970 3862 1714
1656 3177 740 3300 2646 4174 1826
4013 1461 4090 4779 3461
3495 2380 4600
3415 647
3569 2743
1885 2811
421 285 4497 3448 3935 1051
1285 3737
149 2655
2555 1827
627
2588 992 3611
3761
3452 4138 1880 4138
4993 1800 4599
2380
2326
4889 2471
3705
264 64
460 2223 3673
455 2656 2689 2961 687
667 1819
1611 1270
1402 3822
953 346 608
4181 1461
4074 924 4661
91 2475
1111
3210 2323 2780 793 3773 532
2415 4106
1250 3380 2921
2730
3947 500 3407
3062
2789 3234
4361 63
914 3185 2158 2030 3137
1626 893 1524
4563
1586 483 3000 278
535 2256
961
3705 1913
4079
4394 2158 2 352 2392 1165
1645
2829 274
4807
3877 3595
1115 13
3112 2595 2658 4141 1517
1754
2637
4954
1264
3269
4453 2717
1723 4915 1537 954
4606
421
4674 4324 2794
3844
943 2924 1798 3971 3651
3545 3640
1512
4909
4147 2727 49
4109 1402
4130 322 3264 1250 3460
3047 4974 4515 2191
1916
2736
4912
2595 2258
1121 3290 2413
2645 3033 4217 4052 2743 1420
1875 4371 4810 3859 3839
2443
2778 1935 614 3772
3478 3234 4192
4378 1703 16
1566 3913
861 4312
4913 1263
2936 292
2453
1608
4609
1140 3724 35 2028
437 1003 3870 2156
900
4678
3638
753
2491 2440 1221 3280 2099 328
3706
2197
3390 4907 4541 3097 324
1696
4534
4357 1708 315 1634
3335 736 2409 2112 957 2327
388 1902
889 1704 4253 1072
3258 4170
4275
773 691 4294 1586
3539 1434 4604
4719
1319
1153
2492
4648
4627 4437
3786
3204 145 400
4517 2920 1489
4617
1262 3060
593
668
2221 548 2592 1042
2284 4718 3155
4445 711 4302
2603 4415 1610 2674 3854
60 4110
3404 2990 1403 4117
2700 3210 3678 514
4886
963 2500
1475 871 3382
4992 2938 1597 4327
1653
2042
3490 3190
3894
3680
3212 4289
4060 160
2544 2539 567
1990
2360
166 74 3083 2373
2732 4455 4244
3606 509 925 1262
1945
2979 3801
3615
761
4950 3058 3961 402 1281
1227 3023 2300
1971
181 4708 3252
1139
3785 72
4020 2580 394
4241
488 3667 1892
2057
4982 1604 3675
2133 601
4051 88
3882
2892
2824
2910
1535 3233 3980
336
2567 3508 3813
4565 2951
2084
3576 4722
170
1901 4167 1244 3636 2838 4666 240
1441
823 2415
2617
3121 2184 3239
1351
1062
3376 3398
3731 3598
586
4837 3510
4011 1280
3539
4644 4467 2807
3097 4416 1488
1412
3778
3559
310 4949 3702 1801
4353
4025
2729 1526
3851 1522 2084 4743 4326 4327
4590 1431 2230
1437 880
3251 3618 2003 2516 2336 4597 2089
4405 3694 3654 569 3934 4651
577 3842
1781 2704
4252 1896
4924 3836 1687
613
4734
4953 2657 4588
4505 855
1568 2791
3214 2621
2225
2463
4535
1709 4862
4222
4995
4407
2598 4832
2207
2508 530 3236 3968
4581
4382 4298 3547
4471 3783
3178 1254
3426 4892 3797 2870 3955
4442
1228
3552 843 34
2755 922 602
1045
3202 2006
555
2958 257 66
1401 2120 3181
2886 3042 679 2761 3661
1651 1046 2567 1351
914 4500
358 3482
2653 430 4072 2759
2194 1198
3909 52
2477 3655 1488 2685 4899
937 3222
2140
1650 3973 4772 2645 4492
3699
4516 2012
4620
360 726 999 2884 4666 4927 4182
3366 556
2690 896 4023 2678
4517
4768 4872 3951 713
797 2285 1040
2186 1024
1373
2772
1000
3054 3461
94
1325 3711 4258
3872 1082
3
3259
4330
1963
777 1315 2881 2118
684 2098 4803
548 550
540 2178 1114 2505
2914
443 3402 2505 3623
3684
1924
2338 4564
3269
897
3458
2263
3498
2777 1129 1886 4728 1425
1944 4903 4805
2187
456 1126
1042 1000
4617 446
1724 2035
1478 2582 3140
233 4254 2989
366 3470
3015
1364 2586
4688 286 4727 1839
4775
4343 1035 1590 3 3702
4484 3604 235
4835 2450
3342
3273 1810
4261 3043
2201
3696 485 1889 1449
2023 2620 4127
989 4524
3719 2303 1244 1111
3184
1297
2843 3472 2200 425 1772 3933
4037
756
319 3716 281
2793 147 2406
2019
1330 107
3476
2153
20 1368 2512
425
2045 221
3768
3143
3539 1882 1690
4254
4816 4428 3524 3783
4161
4628
139
4110
370
4854 4303 1855 661 3762 2978 3150
2854 4863 28 2084 1402 4018 4123
4953
2488 3686 559 1829 112
3125
2280
2405 3302
427 3828 3141
3222 476
2275 1411 2822 2734 4087
92 2967 3794 982
2447
1066 2793 2658
77
53 4830 2063 378
2832 635 2445
156 2727 4710
69 4744 2656 1401 4827
2381 4190
3595
3632 1910
4608 200 688
24 3590
2335
3522
1784
251 1436 4977 3773 3858
2703
2755
663 4098
1451 1467 1005 2979
2519 2748
1982 1910
2737
4628
2010 434
4405 4602
3114
2913
4333
4463
271
3034
2894 2300 1148
4542
711 2616
100
307 2224
3276
4019 4735
581 1876 2610 618
1079 2743 974
641 1935 3021 4160
2493 1196 39 633
3940 4846
97 1555 239
3228
3173 4329 2819 4309 1477
4397 1460
4167 2489 288
3372 673 1682 1923
1932 1707
1056 3841 1076 4863
1207
740 1507
3584 1146 3872
2660
3277 2446 310
1759 357 3124 4771
3504 4938 1636
4619
1759 4207
3646 3808
4384 4362
4787 3165 1413 3776 2830
269
2711
4454 3762
3313 2086 2283
839 1621
1076 2952 2238
2466 1059 3182 1764 2064 209
3286
429 4396 4622 2973 3860
4570 3575
1715 2801 3843 615
3968
3439
4942 3712
691
326
2339 3933
1680 4729 4877
3563 3317
335 2868
2427 4675 1026 4061 3400 103 129 2215
1984 1278 1573
41
3033 2342 2634 2690 1141
796 3069 493 4566
4329 508 2251 61
3447
3255 2263
137 1984 1719 4782
4551 2573 3359
1654
4358
1588 1279 2212 3419
2716
2671 1999 197 3634
4879 2340 251
1964
3551
3258 561 2007 3790 1281 3304 2982
4868
118 1171
241
2882 2387
4755
1606 1157
195 1978 2786 13 2084
416
486 2016 2292 3255 117 388
1000 1088
4850 3537 2026
939
2927 4926 4683 165
3142 3656 3612
1269 2915 418 1160
1772 3899
772 4007 737 3909 3575
4746 2866 4988
4755 4931 3352
3712 1889 3705 2237 4590
840 1842 749 1372
1355
4933
2104
59 1098 88
2493
393
3451 4290 4387
4827 4959 2503
1876
4939
2847
2125 2617 3850
571 2669 3907
1810
1927
575
504
1591 4490 3790
4099
889
1112
2333
266
2537
243
3984 2503
4700
4898 1059
2365
4281 321 1135 2109
4043 752
41
930
2871
1609 4254 3054 605 2092 1070
1625 4597 1603 4044
2976 2082 4329
555
81
4360
3305 4038 2381
2997 61
4358 3582 4905
2537 3289
3535
988
117 919 3875
2036
2133 3116
2910 2065 4129
2521 871
3169 4082
4741 2602 2910 696
689 4909 3265 700 648 4284 3350
2158 4952
3236 4251 559 4236
3009
3367 1861
2908 481 494
4149
47 692 4628 3509
1658 4764 3114 2943 1958
3951
726 1771 4643
166
4017 547 902 2512
415 3581
4428
1984 2788 3445 1987
2592 2197 4676 11 805 3454
357 3491
2871
1865
3572
4382
4685
1775 3324 4369 578 1563 2243 4562 120 724
167 4223 3138 145 2000
4686 2046 2392
2393 265 812
1406 3714 4666
457 1123
1007 3644
2284
1370 4211
4086 4988
3263 751
355 1640 3860
453 60
2249 37 3647
3128 3748 2316
1268
1300 1210
626 2084 1535
4328
3880
599 2025
2857
4375 884
2299 227 2101
4602 1071 3444 3868 1748 2010
1174 2526
3118 2093
371 551
2489
4302 1486
953 3390
4337 3012
1737 4734
2976 3844 4345
2631 3576
3101
784
4411 2381 786 1060
1575 126 4358
609 2845
2559 3411 4705 2242
842 3471 2289 137
3060
752 129 239
4815 1420 4591
182 4127
811 2101
4219 4507
33 286 3419 4016 4334
682
4883 2738
2441
3165 663
4875 3825 3853 861 1183 3792
3775 2784 1943 1747
4187 3762
1236 163
3745 347 1087 1934 2812 3959
3861 4616 3441
2821 222 1958 2231 4753 3004
4047 1960 4869 2031
694 1168 164
2494 4968 4198 1960
1601 2759 4214 3321 4469
4456 1384
4665
156
4342 535 988 2959
2019 1042 2147
4054 1391
3170 2222 1414 4570 4616 206
2450
951
2021 4502 908
3559 4236 4669 3226
571
1170
1489
3891 1861 4499 2633 3404 1708
2383
1338 1995
297 4290
4407
740
384 3653 1054
4841 2271 2159
2481
1501 1175
1130 236 3705
2759 841
2719
3681 4722 1198
953
3061 4244 680 718
4228 3612 746 4495 4103
4910
37 4066
1254 1500 2853 798
3001
1870
1717 1736 3714 4915
4966 2943 481 3767
888
478
3270 2419 3205 4660
698 4692 3355
2361 286
4996 958 1138 1349
4764 1104 1613 4855 593
3194 3885
3611 4030 1235 1000
3927 4534
3087 4695
4663
3939
4427
87 3501 4545
576 936
567
2273
3844
4830 3933
3671 3277
674 2731
3618 2884
2763
820 348 2885 37 3931 1943
2255
805 4503 539
4254 4827
1719
1243
4493
4393 1046 1008
1658
4951 2864
4026 377 4058 3040 3977
1318 3098 2422 4352 73
4221
4301 2033
3041 1776 4431 3071 1815
827 972 524
1195
398
518 1101 4159 4610 2524 907
4568 3804
1689 1859 570 2440
4487
670 3379 4385
2555 4971 4740 1286
366 4853
2727
761
229
239 1599
2509
410 25 1290
3767 1158
482 892 3444
4815 2678 2024 1675 3014
1662 4712 3666
2682
3531 1488
5
4057 2724 1428 1784
528 277 1968 711
3708 1944 1135 1155
1142 2379
591 3906
1333 1727 3326
3638 1443 3210 4793
1037 4281
3471
4581 644
3203 4425
3047 1051 1987 3588 248
4559 4931
2000 4051
2520 2697 476 2064
3441 1366 4041 1623 133 2564
3001 1634
4759 489
1755 1818
2152 3471 3701
2657 4571
4514
2489 831
1440
389
2056
3669 2966 2063
2925 2978
1862 4809 4131 1306 3596 438 1081
580
3971 3563 3365 4633 4223 4007
2589
4409 4431 4305 4397 1561
